# Columns		
#				
# 1	Instance Name	
# 2	Number of Jobs	
# 3	Number of Machines	
# 4	Lower Bound: Zubaran and Ritt (2018)	
# 5	Lower Bound: Nasiri (2018)	
# 6	Lower Bound: CP formulation without LB constraint (F1)	
# 7	Lower Bound: CP formulation with LB constraint (F2)
# 8	Best Lower Bound	
# 9	AVG Cmax: Zubaran and Ritt (2018)	
# 10	BEST Cmax: Zubaran and Ritt (2018)	
# 11	AVG time to BEST (seconds): Zubaran and Ritt (2018)	
# 12	RPD AVG: Zubaran and Ritt (2018)	
# 13	RPD BEST: Zubaran and Ritt (2018)	
# 14	Cmax: CP formulation without LB constraint (F1)	
# 15	time to Cmax (seconds): CP formulation without LB constraint (F1)	
# 16	RPD: CP formulation without LB constraint (F1)
# 17	Cmax: CP formulation with LB constraint (F2)
# 18	time to Cmax (seconds): CP formulation with LB constraint (F2)
# 19	RPD: CP formulation with LB constraint (F2)
#############################################################################################################################################################

GSSP_ATA01	15	15	977	1,048	1,102	1,102	1,102	1,103.8	1,103	75.22	0.16%	0.09%	1,102	15.36	0.00%	1,102	10.46	0.00%
GSSP_ATA02	15	15	942	1,097	1,140	1,140	1,140	1,142.4	1,140	43.42	0.21%	0.00%	1,140	7.51	0.00%	1,140	7.50	0.00%
GSSP_ATA03	15	15	921	1,030	1,119	1,119	1,119	1,132.8	1,119	120.67	1.23%	0.00%	1,119	14.96	0.00%	1,119	15.16	0.00%
GSSP_ATA04	15	15	911	1,035	1,059	1,059	1,059	1,072.1	1,063	71.75	1.24%	0.38%	1,059	12.34	0.00%	1,059	16.92	0.00%
GSSP_ATA05	15	15	940	949	1,053	1,053	1,053	1,067.0	1,066	73.36	1.33%	1.23%	1,053	18.85	0.00%	1,053	21.28	0.00%
GSSP_ATA06	15	15	965	1,074	1,122	1,122	1,122	1,133.1	1,123	121.93	0.99%	0.09%	1,122	37.51	0.00%	1,122	32.75	0.00%
GSSP_ATA07	15	15	951	1,032	1,102	1,102	1,102	1,111.0	1,111	16.85	0.82%	0.82%	1,102	14.26	0.00%	1,102	14.24	0.00%
GSSP_ATA08	15	15	963	1,096	1,118	1,118	1,118	1,119.1	1,118	108.28	0.10%	0.00%	1,118	14.83	0.00%	1,118	14.80	0.00%
GSSP_ATA09	15	15	982	1,054	1,151	1,151	1,151	1,161.1	1,153	169.75	0.88%	0.17%	1,151	17.61	0.00%	1,151	16.68	0.00%
GSSP_ATA10	15	15	933	1,065	1,121	1,121	1,121	1,127.9	1,121	25.37	0.62%	0.00%	1,121	10.36	0.00%	1,121	8.12	0.00%
GSSP_ATA11	20	15	1,139	1,164	1,139	1,139	1,164	1,215.0	1,208	164.71	4.38%	3.78%	1,216	266.74	4.47%	1,222	208.95	4.98%
GSSP_ATA12	20	15	1,251	1,251	1,251	1,251	1,251	1,251.0	1,251	87.88	0.00%	0.00%	1,251	158.17	0.00%	1,251	67.68	0.00%
GSSP_ATA13	20	15	1,178	1,178	1,178	1,178	1,178	1,239.1	1,230	179.45	5.19%	4.41%	1,231	231.06	4.50%	1,229	215.06	4.33%
GSSP_ATA14	20	15	1,130	1,132	1,132	1,132	1,132	1,182.6	1,162	121.57	4.47%	2.65%	1,162	159.45	2.65%	1,162	130.19	2.65%
GSSP_ATA15	20	15	1,148	1,148	1,190	1,148	1,190	1,214.5	1,192	197.44	2.06%	0.17%	1,190	129.17	0.00%	1,210	288.59	1.68%
GSSP_ATA16	20	15	1,181	1,181	1,181	1,181	1,181	1,234.7	1,224	219.17	4.55%	3.64%	1,229	198.44	4.06%	1,229	294.01	4.06%
GSSP_ATA17	20	15	1,257	1,287	1,320	1,320	1,320	1,335.7	1,330	142.26	1.19%	0.76%	1,320	182.11	0.00%	1,320	178.69	0.00%
GSSP_ATA18	20	15	1,153	1,246	1,188	1,188	1,246	1,298.8	1,293	152.17	4.24%	3.77%	1,292	256.38	3.69%	1,292	298.74	3.69%
GSSP_ATA19	20	15	1,202	1,202	1,202	1,202	1,202	1,211.4	1,202	194.43	0.78%	0.00%	1,202	223.97	0.00%	1,215	233.89	1.08%
GSSP_ATA20	20	15	1,186	1,216	1,216	1,216	1,216	1,218.6	1,216	154.62	0.21%	0.00%	1,216	99.56	0.00%	1,216	134.35	0.00%
GSSP_ATA21	20	20	1,217	1,322	1,398	1,398	1,398	1,428.8	1,403	202.76	2.20%	0.36%	1,398	164.21	0.00%	1,398	139.15	0.00%
GSSP_ATA22	20	20	1,240	1,371	1,404	1,404	1,404	1,413.7	1,407	175.62	0.69%	0.21%	1,404	188.61	0.00%	1,404	255.00	0.00%
GSSP_ATA23	20	20	1,185	1,236	1,185	1,185	1,236	1,338.2	1,326	178.22	8.27%	7.28%	1,309	286.27	5.91%	1,313	243.73	6.23%
GSSP_ATA24	20	20	1,271	1,402	1,429	1,429	1,429	1,439.2	1,429	188.63	0.71%	0.00%	1,429	111.31	0.00%	1,429	106.83	0.00%
GSSP_ATA25	20	20	1,256	1,385	1,385	1,385	1,385	1,388.5	1,385	141.20	0.25%	0.00%	1,385	28.89	0.00%	1,385	48.51	0.00%
GSSP_ATA26	20	20	1,207	1,363	1,394	1,394	1,394	1,421.3	1,408	129.93	1.96%	1.00%	1,394	133.17	0.00%	1,394	125.86	0.00%
GSSP_ATA27	20	20	1,331	1,331	1,335	1,331	1,335	1,428.9	1,416	228.85	7.03%	6.07%	1,392	266.34	4.27%	1,403	171.61	5.09%
GSSP_ATA28	20	20	1,269	1,269	1,269	1,269	1,269	1,359.9	1,351	197.80	7.16%	6.46%	1,329	166.67	4.73%	1,334	249.45	5.12%
GSSP_ATA29	20	20	1,267	1,363	1,389	1,389	1,389	1,424.5	1,413	192.17	2.56%	1.73%	1,389	198.46	0.00%	1,389	214.83	0.00%
GSSP_ATA30	20	20	1,212	1,246	1,212	1,212	1,246	1,359.7	1,342	196.89	9.13%	7.70%	1,342	267.26	7.70%	1,342	266.51	7.70%
GSSP_ATA31	30	15	1,764	1,764	1,764	1,764	1,764	1,764.0	1,764	0.28	0.00%	0.00%	1,764	2.98	0.00%	1,764	5.93	0.00%
GSSP_ATA32	30	15	1,774	1,774	1,774	1,774	1,774	1,774.0	1,774	1.14	0.00%	0.00%	1,774	35.28	0.00%	1,774	9.24	0.00%
GSSP_ATA33	30	15	1,729	1,729	1,729	1,729	1,729	1,729.0	1,729	2.51	0.00%	0.00%	1,729	30.42	0.00%	1,729	11.02	0.00%
GSSP_ATA34	30	15	1,828	1,828	1,828	1,828	1,828	1,828.0	1,828	0.39	0.00%	0.00%	1,828	3.16	0.00%	1,828	3.60	0.00%
GSSP_ATA35	30	15	1,729	1,731	1,731	1,731	1,731	1,731.0	1,731	42.88	0.00%	0.00%	1,731	24.42	0.00%	1,731	25.46	0.00%
GSSP_ATA36	30	15	1,777	1,777	1,777	1,777	1,777	1,777.0	1,777	2.71	0.00%	0.00%	1,777	6.45	0.00%	1,777	5.13	0.00%
GSSP_ATA37	30	15	1,771	1,771	1,771	1,771	1,771	1,771.0	1,771	0.59	0.00%	0.00%	1,771	3.44	0.00%	1,771	17.73	0.00%
GSSP_ATA38	30	15	1,673	1,673	1,673	1,673	1,673	1,673.0	1,673	0.39	0.00%	0.00%	1,673	1.84	0.00%	1,673	1.71	0.00%
GSSP_ATA39	30	15	1,641	1,654	1,641	1,641	1,654	1,675.1	1,660	138.38	1.28%	0.36%	1,664	287.54	0.60%	1,675	241.66	1.27%
GSSP_ATA40	30	15	1,602	1,602	1,602	1,602	1,602	1,602.0	1,602	12.56	0.00%	0.00%	1,602	217.78	0.00%	1,602	127.79	0.00%
GSSP_ATA41	30	20	1,830	1,830	1,830	1,830	1,830	1,830.0	1,830	73.69	0.00%	0.00%	1,830	170.95	0.00%	1,830	63.33	0.00%
GSSP_ATA42	30	20	1,761	1,761	1,761	1,761	1,761	1,761.0	1,761	17.71	0.00%	0.00%	1,761	5.13	0.00%	1,761	4.90	0.00%
GSSP_ATA43	30	20	1,694	1,694	1,694	1,694	1,694	1,694.0	1,694	146.34	0.00%	0.00%	1,694	11.66	0.00%	1,694	21.86	0.00%
GSSP_ATA44	30	20	1,787	1,787	1,787	1,787	1,787	1,804.6	1,787	209.60	0.98%	0.00%	1,789	174.26	0.11%	1,787	160.57	0.00%
GSSP_ATA45	30	20	1,731	1,738	1,731	1,731	1,738	1,763.1	1,757	191.80	1.44%	1.09%	1,758	236.67	1.15%	1,765	214.11	1.55%
GSSP_ATA46	30	20	1,856	1,856	1,856	1,856	1,856	1,856.0	1,856	9.48	0.00%	0.00%	1,856	0.52	0.00%	1,856	2.16	0.00%
GSSP_ATA47	30	20	1,690	1,690	1,690	1,690	1,690	1,712.4	1,694	270.57	1.33%	0.24%	1,690	148.10	0.00%	1,690	139.02	0.00%
GSSP_ATA48	30	20	1,744	1,818	1,818	1,818	1,818	1,832.6	1,823	151.29	0.80%	0.28%	1,818	35.70	0.00%	1,818	112.40	0.00%
GSSP_ATA49	30	20	1,758	1,758	1,758	1,758	1,758	1,758.0	1,758	53.15	0.00%	0.00%	1,758	24.19	0.00%	1,758	16.38	0.00%
GSSP_ATA50	30	20	1,674	1,674	1,674	1,674	1,674	1,783.0	1,761	234.01	6.51%	5.20%	1,745	242.31	4.24%	1,739	278.52	3.88%



#############################################################################################################################################################

Instances	|			Zubaran and Ritt (2018)		|		CP formulation with/without LB constraint			
			RPD AVG		RPD BEST	AVG time to BEST	RPD F1	AVG time to Cmax F1	RPD F2	AVG time to Cmax F2
GSSP_ATA01-ATA10	0.76%		0.28%		82.66			0.00%		16.36		0.00%		15.79
GSSP_ATA11-ATA20	2.71%		1.92%		161.37			1.94%		190.51		2.25%		205.02
GSSP_ATA21-ATA30	4.00%		3.08%		183.21			2.26%		181.12		2.42%		182.15
GSSP_ATA31-ATA40	0.13%		0.04%		20.18			0.06%		61.33		0.13%		44.93
GSSP_ATA41-ATA50	1.11%		0.68%		135.76			0.55%		104.95		0.54%		101.33
